1385
14414
23428
11361
32703
4984
20417
4533
4061
4111
2920
8634
4385
2442
29544
1970
13204
6746
30900
28624
13680
32616
15852
9802
21983
20414
16441
11440
25862
23684
1913
14716
5442
19759
8604
21994
29105
19445
27981
3594
7669
22148
30677
26387
17204
1779
29245
4090
20067
26873
435
67
25541
12125
28464
31000
11182
23981
31319
7320
23693
14899
21407
3953
9769
7205
436
22705
25131
27164
13851
29657
11741
23751
21781
18739
20785
23009
13511
102
5893
31584
22423
24904
31397
5872
9689
14067
20114
22943
27307
26907
16514
19418
6173
16287
24231
20888
5782
1117
564
31445
9075
30539
17182
14402
752
18628
22815
18491
2380
3615
3585
28665
16168
25734
9497
21769
9521
13829
23570
2812
23294
21730
26860
10593
11579
24877
6467
32240
20232
11415
30421
12040
17052
4232
5439
25180
13614
27243
27911
15337
21013
12877
26591
18731
20782
24486
552
11408
17534
4214
9654
7469
26904
9876
8659
3759
32577
20291
25734
5525
28115
10503
22805
23453
13535
31671
4040
14460
29590
14034
4848
17106
1386
10774
3368
27997
31344
11343
9435
1133
28425
9326
12550
8088
1729
10458
11071
23470
3703
10507
759
28912
2495
21844
13820
31100
12164
14592
21057
31756
6642
15009
17634
3808
11666
30373
6755
9977
31671
10282
5177
26504
9242
5140
14219
1446
31169
10844
14649
5189
28453
20906
27422
19559
3475
4391
3730
9614
31699
3212
12339
21107
22536
1664
28902
30202
26839
23840
24600
9318
27083
13535
19274
1225
30456
17808
9932
9919
23519
32193
29640
24668
18834
28747
18307
18531
14361
16423
22496
8377
30483
32387
12582
17689
12704
12053
30978
29192
27007
26288
25296
30732
11636
14357
14614
12057
3821
25355
8273
15948
6884
31154
30453
3036
23047
28692
30383
26957
7191
18941
31469
20454
4750
23309
4256
16742
32388
19723
13120
8435
30163
24700
23313
6227
890
7028
16550
23902
10047
23213
31139
27571
30873
30934
21191
1707
28876
45
2857
6027
8278
6736
21697
15358
21386
12880
15915
6338
27259
32008
27048
17569
26651
23469
13670
24483
31908
19622
14593
10882
3895
24221
15433
12894
2755
22998
2886
25778
29225
5055
19321
8071
32670
8393
13925
4583
21328
22647
23886
149
30028
24500
23105
17147
11935
11626
4692
3172
32187
15696
27951
21867
10781
25860
9675
31155
15149
32601
6266
24025
22118
25074
12840
12711
18614
20752
25824
8843
16168
26024
17810
4679
29376
6585
14099
9705
19366
28380
18021
16638
16264
25373
7225
16643
28473
10249
10162
3356
18334
20488
26220
19977
10698
26093
28093
25173
24168
8908
6458
25296
22617
13835
637
19264
2719
21436
9766
6996
21882
32042
23072
985
20176
14258
31014
29744
27090
9685
26501
7168
16861
13963
21795
13608
3230
24281
24768
10744
30586
4517
124
27552
29741
27082
21401
3304
14513
14952
16771
29986
30305
31101
2573
16221
3166
14522
11006
6620
14642
8335
16076
14791
4019
8585
14503
14111
13098
20445
8633
25847
7861
7493
15277
31202
31722
25866
11374
7336
19645
32354
5937
10557
27812
18685
18101
16883
11513
26587
19657
238
4255
7776
15120
24024
27368
938
22785
7127
26038
34
31537
21436
13025
18769
24533
28286
27865
20470
13442
9190
27277
21589
10552
20875
2699
5329
13471
15873
14696
19133
28048
7246
14178
26992
7639
25501
24900
21399
29240
20279
138
31440
27568
6830
26310
7540
30204
20059
22594
5811
18272
12299
2535
29927
28065
11254
13917
18978
11347
18929
3700
27401
4187
740
2243
4070
23724
2685
21647
3064
13396
24870
29678
3854
9660
16949
16683
9556
31531
16995
25453
26988
29837
12928
30356
7360
20083
6757
27236
6679
14938
24617
23781
22119
11312
28568
29705
25578
8468
30176
31376
11124
17246
1422
17449
20484
4063
14009
7386
28825
24682
6013
18337
15431
32658
172
20572
3209
10678
8895
13542
31193
7995
24339
10627
7806
11289
16722
31870
31654
18585
11566
23824
13492
14173
5206
2436
5339
17568
18594
10393
4844
2751
16017
21032
18284
24568
21494
2822
2282
20850
28398
14380
8847
20350
2325
19733
22775
28445
31482
14696
12607
25794
7120
22999
11872
7257
2406
28743
30907
4743
11353
26417
9205
21300
19592
25672
1796
16711
18888
28252
23178
2992
19673
10878
4450
29612
1177
29797
8057
18500
17272
22032
8928
15127
4396
8877
8991
29274
1190
14522
23243
31773
31300
12138
16219
1744
31304
29514
15159
773
25481
5668
19986
4728
11880
22051
1914
26700
23558
8249
4013
32407
26036
4542
12975
17697
16555
15706
8601
11625
18942
14116
24116
14313
11980
11275
1222
26267
9402
2166
26668
14524
1696
29223
13353
5072
10627
6501
2558
15846
32196
9562
19259
19741
20630
16314
1748
12391
16821
933
15479
13709
16726
21455
27165
12404
10841
23518
6112
10142
19654
16659
22028
10739
31863
17965
24952
12738
30738
26250
25111
14595
15419
11408
30666
25311
5895
18251
2424
24178
4019
9047
2657
26319
30358
2817
10671
1092
12628
4521
8270
29408
5973
20075
4350
21043
29301
10750
11943
597
30717
17371
7404
21034
19923
12962
16130
25315
28653
9146
26819
25800
2571
7736
9726
4405
6566
27907
3090
1507
27683
29749
18875
25961
19789
30148
26923
24835
31234
2401
30813
3985
11052
19360
2982
13795
19700
2138
20109
25651
13874
25680
5852
3315
29735
18960
11767
30922
32366
7709
17517
15321
26416
32330
17357
4162
23448
4199
29371
14827
2182
9247
8002
22399
14216
11297
17260
17590
14342
21118
22544
29143
26812
11346
18924
21627
30061
20647
17651
21907
7382
22166
18920
24748
4834
32431
16940
30834
21276
2972
1493
29811
30569
3584
2047
19494
26359
10149
7527
4908
29041
2519
4406
2773
10869
13067
31770
27878
6471
12229
4507
21402
4295
25272
22445
25318
17312
6190
31873
5889
26819
26794
16033
23588
1044
11980
6972
21391
10082
5238
14014
27084
16285
31533
13220
8759
16963
17346
27535
15294
20252
14641
16023
4838
6695
8905
27873
25870
12756
16781
11892
22776
30067
15579
32072
28805
20461
16971
17824
18368
2738
23770
28826
17694
19698
18248
32005
7941
6928
15806
6770
23178
27220
4788
31374
10111
7392
2834
19631
15789
31205
17813
6060
8030
30230
12661
26098
